%YAML:1.0
---
model_type: KANNALA_BRANDT
camera_name: camera
image_width: 640
image_height: 480
projection_parameters:
   k2: -0.009025009906076716 
   k3: 0.009967427035376123
   k4: -0.0029538969814842117
   k5: -0.0003503551771748748
   mu: 276.78679780974477 
   mv: 276.79332134030807
   u0: 314.2862327340746
   v0: 236.51313088043128
