%YAML:1.0
---
model_type: KANNALA_BRANDT
camera_name: camera
image_width: 640
image_height: 480
projection_parameters:
   k2: 0.0034823894022493434
   k3: 0.0007150348452162257
   k4: -0.0020532361418706202
   k5: 0.00020293673591811182
   mu: 278.66723066149086
   mv: 278.48991409740296
   u0: 319.75221200593535
   v0: 241.96858910358173
