%YAML:1.0
---
model_type: KANNALA_BRANDT
camera_name: camera
image_width: 640
image_height: 480
projection_parameters:
   k2: -0.008456929295619607
   k3: 0.011407590938612062
   k4: -0.006951788325762078
   k5: 0.0015368127092821786
   mu: 277.61640629770613
   mv: 277.63749695723294
   u0: 314.8944703346039
   v0: 236.04310050462587
